$ 1 0.000005 10.20027730826997 77 5 43 5e-11
v 480 240 480 192 0 0 40 5 0 0 0.5
178 832 240 864 240 0 1 0.2 3.125408637900956e-7 0.05 1000000 0.02 20
407 624 192 672 192 1
162 624 224 576 240 2 default-led 1 0 0 0.01
t 720 256 720 288 0 1 -4.613179808472675 0.3868139407108114 100 default
r 512 192 544 192 0 10000
r 720 224 720 256 0 1000
d 800 288 800 256 2 default
w 544 192 560 192 0
w 512 192 480 192 0
w 480 240 576 240 0
v 768 112 720 112 0 0 40 5 0 0 0.5
g 704 288 704 304 0 0
w 800 288 832 288 0
w 800 288 736 288 0
w 768 192 720 192 0
181 896 224 912 224 0 300.28150363453784 100 120 0.4 0.4
w 800 256 832 256 0
w 832 256 832 272 0
w 912 224 912 256 0
w 912 256 864 256 0
w 896 224 880 224 0
w 880 224 880 160 0
w 880 160 848 160 0
w 832 240 800 240 0
w 800 240 800 160 0
w 768 256 800 256 0
v 848 160 800 160 0 1 40 5 0 0 0.5
s 560 192 608 192 0 1 false
w 608 192 624 192 0
w 768 256 768 192 0
w 720 112 720 192 0
g 768 112 768 144 0 0
